-0.00873227 -0.00893254     1.54764 -1.22806 1.18576 1.20082
-0.0134362 -0.0118626    1.75197  1.32768 -1.02231  -1.0519
-0.0139307 -0.0122691    1.94591   1.41042 -0.865297 -0.907194
-0.0172561 -0.0107162    2.15578   1.48386 -0.695881 -0.750299
-0.0104393 -0.020426   1.94823   1.41409 -0.857791 -0.901077
-0.0116173 -0.0056091    1.74234   1.3299 -1.01953 -1.05017
-0.0138706 0.00239091    1.94909   1.41437  -0.85839 -0.902045
-0.0186261 -0.0137932    2.15077   1.48267 -0.697542 -0.751477
-0.0146503 -0.0136206    1.94447     1.414 -0.859662 -0.904505
-0.0121567 -0.0110688    1.74619  1.32902 -1.02153 -1.05225
 -0.0116537 -0.00827523     1.64839  1.28248  -1.0982 -1.12249
